0,5
1,4
2,4
3,3
4,3
5,2
6,2
7,1
0,5
1,4
2,4
3,3
4,3
5,2
6,2
7,1
0,5
1,4
2,4
3,3
4,3
5,2
6,2
7,1
0,5
1,4
2,4
3,3
4,3
5,2
6,2
7,1
0,5
1,4
2,4
3,3
4,3
5,2
6,2
7,1
0,5
1,4
2,4
3,3
4,3
5,2
6,2
7,1
0,5
1,4
2,4
3,3
4,3
5,2
6,2
7,1
0,5
1,4
2,4
3,3
4,3
5,2
6,2
7,1
0,5
1,4
2,4
3,3
4,3
5,2
6,2
7,1
0,5
1,4
2,5
3,4
4,5
5,4
6,5
7,4
8,2
9,4
10,5
11,4
12,5
13,0
14,3
15,4
16,5
17,4
18,5
19,4
20,2
21,4
22,3
23,2
24,2
25,4
26,2
0,5
1,7
2,6
3,4
4,6
5,6
6,5
7,6
8,6
9,6
10,2
11,7
12,6
13,7
14,8
15,3
16,7
17,4
18,6
19,6
20,6
21,3
22,6
23,6
24,6
25,7
26,6
27,5
28,4
29,4
30,5
31,7
32,1
33,5
34,7
35,7
36,5
37,5
38,6
39,5
40,4
41,6
42,3
43,2
44,5
45,8
46,6
47,5
48,5
49,4
50,6
51,7
52,6
53,5
54,2
55,7
56,8
57,5
58,6
59,6
60,5
61,4
62,5
63,5
64,5
65,2
66,5
67,6
68,7
69,4
70,6
71,3
72,4
73,8
74,4
75,5
76,2
77,5
78,6
79,5
80,6
81,5
82,4
83,6
84,7
85,5
86,5
87,2
88,6
89,6
90,5
91,4
92,5
93,5
94,7
95,7
96,4
97,4
98,2
99,7
100,6
101,7
102,4
103,5
104,7
105,4
106,4
107,5
108,9
109,2
110,2
111,3
112,1
113,2
114,2
115,2
116,2
117,2
118,2
119,2
120,1
121,7
122,7
123,6
124,3
125,5
126,6
127,6
128,6
129,8
130,6
131,2
132,6
133,1
134,2
135,2
136,2
137,2
138,4
139,3
140,4
141,3
142,3
143,6
144,4
145,4
146,4
147,3
148,4
149,3
150,4
151,5
152,3
153,4
154,7
155,4
156,4
157,3
158,2
159,4
160,4
161,6
162,1
163,4
164,1
165,7
166,2
167,3
168,3
169,4
170,5
171,5
172,3
173,3
174,6
175,3
176,8
177,1
178,3
179,4
180,4
181,2
182,3
183,3
184,4
185,5
186,2
187,6
188,1
189,3
190,4
191,2
192,3
193,5
194,1
195,4
196,6
197,0
198,7
199,2
200,2
201,5
202,1
203,4
204,5
205,3
206,3
207,6
208,0
209,7
210,2
211,6
212,4
213,2
214,4
215,2
216,4
217,4
218,3
219,3
220,7
221,2
222,3
223,5
224,6
225,6
226,6
227,2
228,5
229,5
230,3
231,2
232,4
233,4
234,2
235,3
236,2
237,3
238,3
239,2
240,1
241,1
242,6
243,4
244,4
245,6
246,7
247,7
248,4
249,6
250,5
251,5
252,3
253,7
254,1
255,5
256,5
257,3
258,5
259,1
260,4
261,4
262,6
263,1
264,8
265,4
266,3
267,3
268,4
269,4
270,3
271,3
272,3
273,2
274,5
275,7
276,4
277,3
278,3
279,6
280,3
281,3
282,3
283,4
284,5
285,0
286,4
287,1
288,6
289,4
290,3
291,6
292,5
293,2
294,5
295,4
296,2
297,5
298,4
299,5
300,6
301,2
302,4
303,3
304,5
305,3
306,4
307,3
308,5
309,3
310,0
311,4
312,3
313,4
314,5
315,5
316,5
317,4
318,0
319,6
320,4
321,4
322,2
323,3
324,5
325,1
326,4
327,4
328,3
329,3
330,5
331,5
332,4
333,4
334,4
335,5
336,4
337,3
338,4
339,2
340,3
341,5
342,3
343,1
344,4
345,1
346,3
347,4
348,1
349,4
350,4
351,3
352,2
353,2
354,5
355,0
356,3
357,3
358,3
359,3
360,2
361,2
362,1
363,5
364,6
365,4
366,6
367,5
368,4
369,5
370,5
371,8
372,5
373,1
374,7
375,2
376,4
377,4
378,2
379,2
380,4
381,3
382,2
383,4
384,1
385,6
386,3
387,5
388,4
389,3
390,3
391,2
392,2
393,4
394,4
395,0
396,5
397,4
398,4
399,3
400,6
401,5
402,3
403,5
404,7
405,4
406,3
407,6
408,4
409,1
410,3
411,4
412,3
413,4
414,3
415,4
416,6
417,1
418,5
419,4
420,3
421,4
422,6
423,3
424,5
425,4
426,6
427,4
428,2
429,6
430,4
431,2
432,5
433,2
434,5
435,4
436,3
437,7
438,5
439,2
440,4
441,4
442,5
443,3
444,3
445,6
446,4
447,6
448,4
449,4
450,2
451,3
452,3
453,6
454,7
455,4
456,4
457,0
458,5
459,6
460,4
461,3
462,5
463,7
464,5
465,2
466,5
467,3
468,4
469,5
470,3
471,5
472,1
473,2
474,3
475,1
476,3
477,2
478,2
479,2
480,1
481,1
482,3
483,1
484,5
485,5
486,4
487,6
488,5
489,5
490,6
491,5
492,6
493,5
494,2
495,5
496,3
497,4
498,4
499,3
500,4
501,3
502,2
503,3
504,6
505,2
506,6
507,3
508,4
509,4
510,6
511,6
512,4
513,3
514,4
515,2
516,3
517,7
518,5
519,6
520,4
521,5
522,3
523,4
524,4
525,5
526,6
527,2
528,6
529,5
530,4
531,5
532,1
533,5
534,4
535,0
536,6
537,6
538,2
539,5
540,4
541,4
542,5
543,7
544,4
545,5
546,3
547,3
548,4
549,2
550,4
551,4
552,4
553,3
554,4
555,4
556,3
557,6
558,3
559,3
560,2
561,4
562,4
563,4
564,5
565,5
566,2
567,3
568,2
569,4
570,4
571,2
572,5
573,5
574,4
575,5
576,6
577,4
578,4
579,4
580,4
581,6
582,1
583,6
584,5
585,4
586,5
587,5
588,4
589,5
590,3
591,6
592,5
593,1
594,2
595,2
596,2
597,1
598,2
599,2
600,2
601,2
602,0
603,0
604,1
605,6
606,4
607,7
608,5
609,6
610,5
611,6
612,5
613,4
614,6
615,2
616,4
617,3
618,5
619,3
620,3
621,5
622,5
623,1
624,4
625,5
626,1
627,3
628,3
629,4
630,5
631,1
632,4
633,6
634,5
635,9
636,5
637,3
638,7
639,4
640,2
641,4
642,3
643,6
644,5
645,4
646,4
647,5
648,1
649,5
650,3
651,6
652,6
653,1
654,6
655,4
656,5
657,5
658,5
659,1
660,5
661,3
662,3
663,6
664,3
665,4
666,1
667,5
668,4
669,6
670,0
671,5
672,2
673,4
674,3
675,6
676,3
677,4
678,3
679,4
680,7
681,1
682,7
683,3
684,4
685,3
686,5
687,4
688,3
689,3
690,6
691,3
692,2
693,6
694,4
695,5
696,4
697,5
698,4
699,3
700,4
701,5
702,5
703,2
704,5
705,5
706,2
707,3
708,6
709,4
710,6
711,3
712,4
713,7
714,1
715,2
716,0
717,3
718,2
719,2
720,2
721,1
722,2
723,3
724,2
725,1
726,5
727,4
728,5
729,5
730,5
731,6
732,3
733,6
734,5
735,4
736,2
737,3
738,1
739,4
740,1
741,3
742,4
743,4
744,4
745,0
746,6
747,2
748,5
749,2
750,3
751,3
752,3
753,4
754,3
755,4
756,5
757,4
758,2
759,5
760,5
761,4
762,6
763,4
764,3
765,6
766,6
767,5
768,5
769,1
770,4
771,4
772,2
773,5
774,4
775,5
776,3
777,3
778,5
779,3
780,2
781,7
782,4
783,3
784,5
785,3
786,2
787,4
788,3
789,2
790,3
791,2
792,6
793,2
794,6
795,2
796,5
797,4
798,5
799,5
800,4
801,2
802,3
803,4
804,2
805,4
806,4
807,3
808,5
809,4
810,2
811,4
812,4
813,2
814,6
815,4
816,5
817,3
818,2
819,2
820,3
821,3
822,2
823,3
824,2
825,4
826,3
827,4
828,5
829,6
830,4
831,3
832,6
833,7
834,7
835,1
836,2
837,2
838,1
839,2
840,2
841,2
842,3
843,1
844,1
845,1
846,1
847,7
848,6
849,5
850,3
851,6
852,4
853,7
854,7
855,6
856,5
857,2
858,6
859,2
860,3
861,4
862,5
863,0
864,6
865,5
866,3
867,1
868,4
869,7
870,6
871,3
872,1
873,4
874,3
875,6
876,3
877,4
878,2
879,4
880,5
881,2
882,4
883,3
884,5
885,5
886,5
887,5
888,6
889,2
890,1
891,5
892,2
893,4
894,4
895,2
896,5
897,2
898,4
899,5
900,4
901,2
902,5
903,3
904,5
905,3
906,6
907,4
908,3
909,3
910,4
911,6
912,0
913,4
914,4
915,4
916,6
917,5
918,4
919,4
920,3
921,3
922,4
923,2
924,6
925,1
926,5
927,4
928,2
929,4
930,3
931,3
932,5
933,3
934,3
935,8
936,3
937,5
938,5
939,4
940,5
941,3
942,5
943,3
944,3
945,2
946,3
947,5
948,4
949,5
950,2
951,4
952,4
953,4
954,4
955,4
956,2
957,2
958,0
959,2
960,1
961,3
962,2
963,2
964,3
965,3
966,2
967,1
968,6
969,5
970,7
971,8
972,5
973,6
974,5
975,4
976,4
977,5
978,2
979,7
980,2
981,5
982,1
983,4
984,4
985,2
986,3
987,4
988,5
989,0
990,6
991,5
992,4
993,3
994,6
995,3
996,4
997,6
998,3
999,2
1000,3
1001,6
1002,4
1003,3
1004,5
1005,3
1006,4
1007,5
1008,4
1009,3
1010,5
1011,1
1012,5
1013,5
1014,2
1015,3
1016,5
1017,4
1018,3
1019,4
1020,3
1021,5
1022,2
1023,7
1024,3
1025,5
1026,5
1027,3
1028,3
1029,4
1030,5
1031,5
1032,6
1033,1
1034,4
1035,2
1036,5
1037,4
1038,2
1039,3
1040,1
1041,3
1042,4
1043,5
1044,1
1045,4
1046,4
1047,5
1048,4
1049,5
1050,6
1051,4
1052,4
1053,6
1054,5
1055,1
1056,4
1057,4
1058,1
1059,6
1060,4
1061,5
1062,5
1063,6
1064,5
1065,4
1066,1
1067,4
1068,3
1069,5
1070,5
1071,4
1072,6
1073,3
1074,4
1075,3
1076,5
1077,2
1078,2
1079,2
1080,2
1081,2
1082,2
1083,2
1084,2
1085,1
1086,2
1087,2
1088,1
1089,6
1090,7
1091,6
1092,5
1093,5
1094,7
1095,5
1096,5
1097,4
1098,9
1099,2
1100,6
1101,5
1102,3
1103,6
1104,4
1105,6
1106,5
1107,3
1108,3
1109,6
1110,2
1111,4
1112,5
1113,4
1114,6
1115,4
1116,1
1117,4
1118,3
1119,3
1120,4
1121,3
1122,6
1123,7
1124,5
1125,2
1126,4
1127,6
1128,1
1129,6
1130,6
1131,4
1132,0
1133,5
1134,4
1135,3
1136,6
1137,6
1138,5
1139,5
1140,3
1141,5
1142,5
1143,2
1144,5
1145,3
1146,4
1147,3
1148,5
1149,3
1150,4
1151,2
1152,4
1153,6
1154,2
1155,5
1156,5
1157,5
1158,4
1159,5
1160,5
1161,5
1162,3
1163,4
1164,3
1165,1
1166,4
1167,6
1168,4
1169,4
1170,3
1171,4
1172,3
1173,5
1174,3
1175,6
1176,1
1177,5
1178,4
1179,4
1180,4
1181,2
1182,5
1183,5
1184,5
1185,6
1186,8
1187,1
1188,9
1189,6
1190,3
1191,5
1192,5
1193,5
1194,5
1195,4
1196,7
1197,8
1198,2
1199,2
1200,2
1201,1
1202,2
1203,1
1204,1
1205,2
1206,2
1207,1
1208,2
1209,1
1210,2
1211,2
1212,2
1213,2
1214,2
1215,2
1216,2
1217,2
1218,2
1219,2
1220,1
1221,2
1222,1
1223,5
1224,2
1225,3
1226,1
1227,3
1228,3
1229,3
1230,2
1231,1
1232,3
1233,0
1234,3
1235,0
1236,3
1237,4
1238,3
1239,3
1240,2
1241,1
1242,1
1243,1
1244,1
1245,2
1246,3
1247,2
1248,2
1249,2
1250,2
1251,0
1252,1
1253,1
1254,2
1255,2
1256,0
1257,1
1258,2
1259,2
1260,1
1261,2
1262,2
1263,1
1264,1
1265,2
1266,2
1267,2
1268,2
1269,2
1270,2
1271,2
1272,2
1273,2
1274,1
1275,1
1276,2
1277,0
1278,2
1279,2
1280,2
1281,2
1282,2
1283,2
1284,2
1285,2
1286,1
1287,2
1288,0
1289,0
1290,3
1291,2
1292,2
1293,3
1294,3
1295,2
1296,2
1297,1
1298,2
1299,1
1300,2
1301,1
1302,3
1303,2
1304,2
1305,1
1306,2
1307,1
1308,1
1309,2
1310,2
1311,2
1312,2
1313,1
1314,1
1315,2
1316,2
1317,2
1318,3
1319,1
1320,1
1321,1
1322,1
1323,1
1324,1
1325,1
1326,1
1327,1
1328,1
1329,1
1330,0
