0.0466253
0.041359
0.0563009
0.0404139
0.0321914
0.0318578
0.0372179
0.0353307
0.0441671
0.0402291
0.0329136
0.0254503
0.0322177
0.0275232
0.0460221
0.0494285
0.0557799
0.0232183
0.0453532
0.0250532
0.0268689
0.0307203
0.0452761
0.0373401
0.0427683
0.028639
0.0410605
0.0527165
0.0400261
0.0561842
0.0223509
0.0281982
0.0371039
0.0345953
0.0300403
0.0390989
0.0351753
0.0375325
0.0253264
0.0215085
0.0370095
0.0307781
0.0177683
0.0210472
0.02491
0.0359366
0.0203494
0.0591828
0.0344204
0.043166
0.0298342
0.0423036
0.0251811
0.0383883
0.0361251
0.0220373
0.0300345
0.0384756
0.0291684
0.0312589
0.0321235
0.0276218
0.0273274
0.0180533
0.023236
0.0423475
0.0285631
0.0434704
0.0331021
0.0311057
0.0224278
0.0295901
0.016734
0.0176695
0.0300855
0.0339011
0.0361919
0.025949
0.030564
0.0476916
0.0335914
0.0343159
0.0237913
0.0394937
0.0283871
0.0368957
0.033785
0.0291328
0.0112024
0.0305291
0.0391566
0.022975
0.0250886
0.0180655
0.0272721
0.0210072
0.036782
0.0382692
0.0327062
0.0280597
0.0111528
0.025083
0.0296079
0.0379557
0.0231415
0.0327042
0.035675
0.0248363
0.0262169
0.0134785
0.023474
0.0264214
0.0172532
0.0311786
0.0312071
0.032613
0.0226748
0.0352433
0.0343616
0.0171357
0.0185276
0.0349532
0.0263741
0.0304616
0.0301717
0.0266907
0.0210341
0.0202035
0.0340913
0.0181434
0.0293307
0.0347065
0.0391487
0.0270808
0.0346859
0.035156
0.0409298
0.0291465
0.0184293
0.0301607
0.0254765
0.0307238
0.0298593
0.0289431
0.0348249
0.035458
0.0456158
0.027681
0.0285921
0.0229644
0.0192643
0.0351719
0.0253561
0.0138689
0.0199132
0.0127659
0.0136326
0.0354294
0.0251394
0.0352089
0.0129677
0.0318849
0.0246507
0.0280295
0.0236904
0.0258961
0.0210633
0.024271
0.033122
0.0182227
0.0272951
0.030619
0.0259868
0.0289145
0.0314121
0.0335922
0.0344724
0.0288983
0.0175573
0.0229686
0.0175295
0.0209012
0.0209169
0.0322705
0.0201405
0.0199633
0.03264
0.0304501
0.020173
0.0241475
0.0221662
0.0222531
0.0235762
0.0245228
0.0171187
0.036409
0.0196993
0.0265595
0.0214541
0.0170959
0.0250808
0.0223049
0.0135583
0.0223514
0.0311645
0.0317834
0.0272734
0.015305
0.0321094
0.0257543
0.0244318
0.0315702
0.0141184
0.0293443
0.0261111
0.0416375
0.0269584
0.0198267
0.027873
0.0219632
0.0207022
0.0310666
0.0244584
0.0203745
0.0219154
0.0287331
0.0169944
0.0233286
0.0310754
0.0233069
0.0335949
0.0327974
0.0221907
0.0335789
0.0334986
0.0279843
0.029721
0.025839
0.0196397
0.0259072
0.0241143
0.0331579
0.0394679
0.0253653
0.0290689
0.0181811
0.0203637
0.0267615
0.0197597
0.0307268
0.0189367
0.029018
0.0201656
0.0321539
0.0207214
0.0332223
0.0257358
0.0240393
0.0257224
0.0264831
0.0217629
0.0263327
0.0271397
0.0227006
0.0273156
0.0256175
0.0285037
0.0200656
0.0388238
0.0280879
0.0219912
0.0269746
0.0278435
0.0260079
0.0260371
0.0293652
0.0267138
0.0254969
0.0212789
0.0289173
0.0259204
0.017325
0.0330497
0.0239109
0.0209303
0.0388771
0.0272779
0.0280067
0.0266142
0.0218244
0.0268883
0.0249104
0.0258199
0.0308447
0.0285668
0.0247183
0.0284201
0.0107563
0.0258404
0.0125931
0.0229258
0.0262213
0.0125003
0.0274667
0.0134047
0.0299659
0.0338559
0.02481
0.0226446
0.0250346
0.0288275
0.0240015
0.026407
0.0215417
0.0242137
0.025892
0.0265647
0.0238943
0.0234843
0.0236751
0.0208658
0.0209031
0.0250529
0.0309828
0.0267225
0.0282832
0.0228871
0.0204196
0.0267242
0.0268621
0.0275735
0.0257205
0.0222296
0.0152028
0.0152167
0.0261222
0.0281068
0.0176214
0.0284367
0.021257
0.0245232
0.0273827
0.0254193
0.0279452
0.0143992
0.0225588
0.0140038
0.0212041
0.0217527
0.0202578
0.022479
0.0245029
0.0264205
0.0152608
0.0233313
0.0257273
0.0262576
0.0262792
0.0164242
0.0155363
0.021508
0.0216164
0.0180592
0.0236082
0.0227475
0.0219586
0.0222848
0.022008
0.0271502
0.0260502
0.027634
0.022195
0.0265906
0.0245797
0.0255178
0.0197736
0.0299434
0.0223115
0.0219655
0.0256736
0.0249927
0.0257172
0.0203399
0.027458
0.0135638
0.0276518
0.0217022
0.0299107
0.0233512
0.0206747
0.0262083
0.0182921
0.0269768
0.0181614
0.0257554
0.0300641
0.0264845
0.0211843
0.0211712
0.0216248
0.0237378
0.0300622
0.0267212
0.0252158
0.0255319
0.0244087
0.0265556
0.0287398
0.0211502
0.0233012
0.0199143
0.0253396
0.0242216
0.0261695
0.0216918
0.0235649
0.0106281
0.0130478
0.0296144
0.0230469
0.0250773
0.0237168
0.020095
0.0220165
0.025468
0.0257973
0.0301863
0.0245921
0.0218821
0.0235811
0.0248444
0.0133791
0.0152144
0.0226195
0.0291347
0.0203303
0.0199275
0.0250306
0.0292782
0.0291222
0.0262329
0.0193308
0.0261726
0.0204362
0.0180984
0.0192734
0.0234309
0.0234309
0.0187705
0.0251976
0.012107
0.0174149
0.023724
0.0287417
0.0234251
0.0138247
0.0256269
0.0264268
0.0266347
0.0286696
0.0195232
0.0243236
0.0256873
0.0262121
0.019185
0.0258089
0.0251799
0.0189481
0.0251664
0.025125
0.0141148
0.0270436
0.0207836
0.0100621
0.0165803
0.0252073
0.0256862
0.0202282
0.0138664
0.0195492
0.0260922
0.023205
0.0192361
0.0229002
0.0240202
0.0240202
0.0256422
0.0192505
0.0161885
0.0161885
0.0147293
0.0242064
0.0219009
0.0152032
0.0165133
0.022942
0.0197859
0.0236839
0.0144891
0.0152399
0.0182072
0.0218802
0.0152593
0.0111962
0.0261884
0.0167102
0.0214866
0.0183898
0.0199026
0.0115683
0.0188516
0.015259
0.0202718
0.0187225
0.0280416
0.0279704
0.0198236
0.0202853
0.0280553
0.0240038
0.0166766
0.0136945
0.0140413
0.0140413
0.0258394
0.0140276
0.0140276
0.0259577
0.0219047
0.0191722
0.0188994
0.0131805
0.0250653
0.0249908
0.0166255
0.0247017
0.0312672
0.0185531
0.0192904
0.0214245
0.013691
0.0131126
0.0235518
0.0225308
0.019666
0.0223793
0.0240097
0.0233516
0.0253044
0.00932245
0.0183854
0.0183366
0.0234746
0.0211832
0.0211006
0.0235728
0.022282
0.0213451
0.0218609
0.0212742
0.0163557
0.0257063
0.0250898
0.0210089
0.0140408
0.018612
0.0222543
0.0276567
0.0225694
0.0245026
0.0209169
0.0262424
0.0260227
0.0254593
0.0222915
0.0262185
0.0243675
0.0288196
0.0228933
0.0263176
0.0227097
0.0227076
0.0176238
0.0175082
0.0175316
0.0212138
0.0177495
0.0175038
0.0228101
0.0252312
0.0252263
0.0137755
0.0191078
0.0246031
0.0175193
0.0184954
0.0236138
0.0229093
0.0286798
0.0118346
0.0113093
0.0224015
0.0172082
0.0262678
0.0214908
0.0334188
0.0236884
0.0197507
0.0175005
0.0253088
0.0237354
0.0212764
0.022628
0.0253395
0.0236944
0.021009
0.0169491
0.024002
0.0240296
0.0239334
0.0169619
0.0211398
0.0116142
0.0315372
0.0163221
0.0216468
0.0230824
0.0215867
0.0251601
0.0211268
0.0182158
0.0211643
0.0183234
0.0236858
0.0218362
0.0222714
0.0211445
0.0126289
0.0211922
0.0194513
0.0136601
0.0194373
0.0154295
0.027514
0.027514
0.023279
0.0227058
0.0213221
0.0168729
0.0233604
0.0189082
0.0200816
0.015924
0.0153159
0.02615
0.023878
0.0226497
0.0233726
0.0242824
0.0209226
0.0209226
0.02155
0.0141276
0.0183759
0.0213244
0.0208287
0.0208287
0.0240822
0.0229158
0.0251226
0.010783
0.0260506
0.0101294
0.029667
0.0221243
0.0214988
0.024287
0.0260144
0.0214424
0.0258482
0.0257494
0.0232692
0.0224449
0.0123199
0.0235082
0.0160495
0.0257462
0.0202908
0.0188871
0.0188864
0.0188876
0.0226839
0.0153326
0.021542
0.0206462
0.0188588
0.0176947
0.0163
0.0213874
0.0188653
0.0245681
0.0214171
0.0185728
0.020921
0.0185703
0.0223259
0.0223386
0.0161507
0.0223036
0.0217134
0.0208557
0.0212032
0.0226733
0.026463
0.0190014
0.023554
0.023842
0.0264903
0.0144361
0.0140612
0.0211061
0.020829
0.0237342
0.01686
0.01686
0.0168664
0.0168664
0.017275
0.019826
0.0198253
0.0175225
0.0265003
0.0244858
0.0195582
0.0195612
0.0210932
0.0219573
0.0202132
0.0132713
0.0251539
0.0186495
0.0201172
0.0162355
0.0163557
0.025965
0.0165956
0.0281168
0.0143178
0.0237201
0.023614
0.0187734
0.0236869
0.0174601
0.0109371
0.0221189
0.0231562
0.0198419
0.0215096
0.0182282
0.0181376
0.0184542
0.0235485
0.0164513
0.0201844
0.0150134
0.0220313
0.0220313
0.0237403
0.023714
0.0217717
0.0219836
0.021983
0.0146718
0.0227037
0.0141831
0.0146764
0.0211479
0.0183617
0.0221768
0.019835
0.0203707
0.0235312
0.0219452
0.0219452
0.0204146
0.0237394
0.0118346
0.0159814
0.0197758
0.0245408
0.0173775
0.0165859
0.0247283
0.019547
0.0217617
0.0209199
0.0225392
0.0147028
0.0215899
0.0215899
0.0211306
0.0177433
0.0197391
0.0210704
0.0219094
0.0187659
0.0180716
0.0230958
0.0230882
0.0227188
0.0227188
0.0247922
0.0168644
0.0229966
0.0167296
0.0158065
0.0162473
0.01389
0.01389
0.0221579
0.0221536
0.0136909
0.0155444
0.0257678
0.0173579
0.0228627
0.0202958
0.0249973
0.0189752
0.0255112
0.0170813
0.0202502
0.0106374
0.0245288
0.0230319
0.0172908
0.0184677
0.0198765
0.0217773
0.0224588
0.0233493
0.0245279
0.0141276
0.022095
0.0172094
0.0137762
0.0188484
0.0204627
0.0204763
0.0188735
0.0154347
0.0109819
0.0221483
0.0221076
0.0168608
0.0198402
0.0144137
0.0221052
0.0153472
0.0227431
0.0287931
0.0172827
0.0155206
0.025309
0.02184
0.0250447
0.0195738
0.0226876
0.0226855
0.0221333
0.0196681
0.0217043
0.0162672
0.0193414
0.0191729
0.0250966
0.0184334
0.0164649
0.0164453
0.0164453
0.0163471
0.0205204
0.0202643
0.0165476
0.0200379
0.0165708
0.0246742
0.023958
0.0160021
0.0197945
0.0199004
0.0195329
0.0203646
0.0209985
0.0141634
0.019645
0.0249483
0.0203806
0.0209891
0.019627
0.020537
0.0189984
0.0254873
0.0143091
0.0129863
0.019719
0.0168212
0.0237806
0.0230871
0.0178002
0.0123391
0.0187483
0.0185072
0.0217054
0.0137364
0.0150722
0.0166983
0.0220103
0.0143864
0.0219768
0.0223308
0.0273655
0.0199473
0.0205082
0.0211239
0.0166761
0.0187408
0.0172901
0.0275049
0.0204197
0.0196326
0.0261221
0.0159203
0.0206056
0.0153402
0.0251984
0.0211375
0.0170329
0.0177537
0.0238425
0.0164874
0.016955
0.0188075
0.0220262
0.0169502
0.0169317
0.0204602
0.0204602
0.0177547
0.0204616
0.018157
0.0234588
0.0152978
0.0152978
0.0150584
0.016862
0.0138633
0.019562
0.0103086
0.0103086
0.0103958
0.0160007
0.0168224
0.0218744
0.0169167
0.0140705
0.0104115
0.0182616
0.0188366
0.016856
0.0139582
0.0190672
0.0168376
0.0157819
0.0151161
0.0194137
0.0184809
0.0142401
0.0160028
0.0160703
0.0160703
0.0147115
0.0129089
0.0151124
0.0150593
0.0160933
0.0160933
0.00927405
0.0164022
0.00928057
0.0162935
0.0197239
0.0227747
0.0159947
0.0101211
0.0187312
0.0158554
0.0149128
0.0161552
0.0164034
0.0101211
0.0161296
0.0184509
0.0101211
0.0101211
0.0195965
0.0123797
0.0104542
0.0235862
0.016882
0.0127539
0.0162856
0.0162856
0.0182446
0.0182421
0.0195705
0.0163083
0.0163078
0.0150227
0.0162798
0.0162798
0.0188723
0.0108702
0.0127539
0.0161954
0.0137679
0.0184474
0.0184642
0.0131354
0.0160851
0.016832
0.0130917
0.012694
0.0153289
0.00927405
0.00927405
0.00927611
0.00902389
0.00902389
0.0166194
0.0180475
0.0166391
0.0133759
0.0154091
0.0101604
0.0133278
0.0180669
0.0188255
0.00871912
0.0135224
0.0127842
0.0176743
0.00888631
0.0174235
0.0127842
0.0127842
0.0182718
0.0174636
0.0179824
0.0174538
0.0102999
0.0174261
0.0115555
0.0100771
0.0115513
0.00863859
0.0155376
0.0115555
0.0149531
0.015482
0.0146405
0.0153136
0.0165156
0.0154986
0.0125517
0.0171396
0.0154125
0.00871912
0.0118861
0.0188114
0.0167693
0.0170826
0.01469
0.00867817
0.00867817
0.00867817
0.0140755
0.00925751
0.00925751
0.00911638
0.0137479
0.017518
0.0178761
0.0137354
0.0178661
0.0180011
0.0165168
0.0178377
0.0179817
0.0178351
0.0164472
0.0162861
0.0140252
0.0154552
0.015427
0.0141105
0.0165177
0.0165177
0.0163807
0.0164299
0.0164299
0.00997973
0.016832
0.0186407
0.0186382
0.0157692
0.0140958
0.0118604
0.0165644
0.015709
0.0146726
0.00809182
0.00970371
0.0197632
0.0170862
0.0193061
0.00817028
0.00817028
0.0159755
0.0087858
0.0159439
0.0162235
0.0162235
0.0134455
0.0176265
0.0175165
0.0146603
0.0140286
0.0186192
0.0140514
0.0170893
0.0160969
0.0170893
0.0164481
0.0154835
0.015478
0.0187639
0.0154835
0.0131126
0.0148977
0.016346
0.016346
0.016346
0.016346
0.016346
0.0161891
0.0161891
0.0160336
0.0171299
0.0170862
0.0171299
0.0171299
0.0177509
0.0179368
0.0180278
0.0150905
0.016225
0.0176413
0.0155542
0.0149645
0.0180292
0.0146032
0.0145899
0.0149273
0.0171706
0.0137451
0.014109
0.0143548
0.0161199
0.0134687
0.0171815
0.0171798
0.0171798
0.0130732
0.0140794
0.0181265
0.0117855
0.013964
0.0120092
0.0120092
0.0111645
0.0111645
0.0111645
0.0111645
0.0111645
0.0111645
0.0111645
0.0135239
0.012902
0.012902
0.0110573
0.0110573
0.0110573
0.0110573
0.0110573
0.0110573
0.0162034
0.0109511
0.0129101
0.0128837
0.0127963
0.0161443
0.0111645
0.0111645
0.0111645
0.0111645
0.0111645
0.0111645
0.0111645
0.0111645
0.0111645
0.0111645
0.00989343
0.0090036
0.00962228
0.00961197
0.00961197
0.00917445
0.0381274
0.0367475
0.0382037
0.021666
0.0245913
0.0320227
0.0270348
0.0169159
0.0251333
0.0267497
0.0221905
0.0229896
0.0199212
0.0239298
0.0130278
0.0259909
0.0174556
0.0259858
0.00855563
0.00990533
0.0140189
0.022135
0.0151664
0.0112972
0.0112972
0.0151664
0.0241653
0.0223449
0.0149375
0.0196107
