2.26777 0.656339 1.125 1.125 1.5
2.26777 0.656339 1.125 1.875 1.5
2.26777 0.656339 1.875 1.875 1.5
2.26777 0.656339 1.875 1.125 1.5
2.26777 0.656339 0.375 1.5 0.375
2.26777 0.656339 0.375 2.625 1.5
2.26777 0.656339 0.375 0.375 1.5
2.26777 0.656339 0.375 1.5 2.625
2.26777 0.656339 1.5 0.375 2.625
2.26777 0.656339 2.625 0.375 1.5
2.26777 0.656339 1.5 2.625 2.625
2.26777 0.656339 2.625 1.5 2.625
2.26777 0.656339 2.625 2.625 1.5
2.26777 0.656339 1.5 2.625 0.375
2.26777 0.656339 2.625 1.5 0.375
2.26777 0.656339 1.5 0.375 0.375
2.12132 1 2.25 0.75 2.25
2.12132 1 0.75 2.25 2.25
2.12132 1 0.75 0.75 0.75
2.12132 1 0.75 0.75 2.25
2.12132 1 2.25 2.25 2.25
2.12132 1 2.25 2.25 0.75
2.12132 1 0.75 2.25 0.75
2.12132 1 2.25 0.75 0.75
