0,0.0496356,0.0322779,0.0652442,2.71616e-05,0.124998,4602,0,0.0494313,0.0311317,0.067478,2.68241e-05,0.875002,32620
1,0.0484811,0.0268535,0.0682555,2.56419e-05,0.125312,4887,1,0.0481241,0.0243556,0.0710794,2.5205e-05,0.874688,34703
2,0.0470844,0.0208624,0.0686442,2.39024e-05,0.124699,5217,2,0.0468786,0.0194199,0.0695319,2.37647e-05,0.875301,36832
3,0.0460854,0.0175921,0.0688034,2.28097e-05,0.125248,5491,3,0.0443765,0.0147401,0.0689958,2.08851e-05,0.874752,41884
4,0.0449816,0.0152269,0.0687521,2.1709e-05,0.125001,5758,4,0.0420291,0.0119455,0.0722323,1.83874e-05,0.874999,47587
5,0.0438737,0.0137146,0.0679224,2.04489e-05,0.125168,6121,5,0.0404013,0.0102432,0.0705471,1.68085e-05,0.874832,52047
6,0.0424981,0.0129295,0.0679668,1.89451e-05,0.125208,6609,6,0.0385965,0.00858594,0.0693387,1.51249e-05,0.874792,57838
7,0.040988,0.0117936,0.0696563,1.74963e-05,0.124993,7144,7,0.0372032,0.00782963,0.0709126,1.39027e-05,0.875007,62938
8,0.0396066,0.0110691,0.0701626,1.61759e-05,0.125282,7745,8,0.0357322,0.00716132,0.0727336,1.26067e-05,0.874718,69385
9,0.0381009,0.0104846,0.0702723,1.48434e-05,0.12504,8424,9,0.0344608,0.00682796,0.0685981,1.15491e-05,0.87496,75760
10,0.0367834,0.00974739,0.0689205,1.36913e-05,0.124988,9129,10,0.0332161,0.00674186,0.0699067,1.0544e-05,0.875012,82987
11,0.0353934,0.00940738,0.0657224,1.26051e-05,0.124879,9907,11,0.0320572,0.00649631,0.0691032,9.67562e-06,0.875121,90446
12,0.0340903,0.00896968,0.0704358,1.15032e-05,0.12527,10890,12,0.0309358,0.00651087,0.0672476,8.88132e-06,0.87473,98491
13,0.0328466,0.00867809,0.0684595,1.05539e-05,0.125148,11858,13,0.0299212,0.00662902,0.0664906,8.17351e-06,0.874852,107035
14,0.0316129,0.00817632,0.0701822,9.70542e-06,0.125307,12911,14,0.0284248,0.00560071,0.0676104,7.30354e-06,0.874693,119763
15,0.0303979,0.00776788,0.0677454,8.84994e-06,0.124997,14124,15,0.0273757,0.00554343,0.0693564,6.67967e-06,0.875003,130995
16,0.0292152,0.00737199,0.0684542,8.04341e-06,0.12518,15563,16,0.0256249,0.0041404,0.0695646,5.82065e-06,0.87482,150296
17,0.0280613,0.00682705,0.0679363,7.3176e-06,0.124772,17051,17,0.0246083,0.0041995,0.0699457,5.25274e-06,0.875228,166623
18,0.0270712,0.00660747,0.0706198,6.70421e-06,0.125215,18677,18,0.0226789,0.00320899,0.0671505,4.48263e-06,0.874785,195150
19,0.0260448,0.00619743,0.0661892,6.05621e-06,0.124988,20638,19,0.0216104,0.0027769,0.0658952,3.97809e-06,0.875012,219958
20,0.0250508,0.00576973,0.0638437,5.52376e-06,0.124677,22571,20,0.0206903,0.00279709,0.0644939,3.5513e-06,0.875323,246480
21,0.0242115,0.00527943,0.0667735,5.10073e-06,0.125167,24539,21,0.0198306,0.00276176,0.0662347,3.16878e-06,0.874833,276079
22,0.0233411,0.00506292,0.0639454,4.6791e-06,0.12539,26798,22,0.0190642,0.00267746,0.0651699,2.84808e-06,0.87461,307087
23,0.0224892,0.00476541,0.0611813,4.27262e-06,0.125307,29328,23,0.0183406,0.00247925,0.0635048,2.56934e-06,0.874693,340435
24,0.0216747,0.00460035,0.0624129,3.8946e-06,0.125067,32113,24,0.0176943,0.00237613,0.0650319,2.33265e-06,0.874933,375081
25,0.0209395,0.00436607,0.0641434,3.5471e-06,0.124993,35238,25,0.0170387,0.00230314,0.0674055,2.11172e-06,0.875007,414358
26,0.0201356,0.0042257,0.0637064,3.23472e-06,0.125148,38689,26,0.0165098,0.0022656,0.064202,1.93485e-06,0.874852,452155
27,0.0194142,0.00399335,0.0638943,2.95489e-06,0.124829,42245,27,0.0159336,0.00209598,0.0642605,1.75897e-06,0.875171,497546
28,0.0188089,0.0037613,0.0611979,2.69768e-06,0.124813,46267,28,0.0154561,0.00216569,0.0634317,1.62157e-06,0.875187,539717
29,0.0182125,0.00359191,0.0578472,2.47546e-06,0.125122,50545,29,0.0149549,0.00198541,0.0640548,1.48599e-06,0.874878,588752
30,0.0176095,0.00342652,0.0572161,2.26555e-06,0.125058,55200,30,0.0145253,0.0020415,0.0617099,1.37514e-06,0.874942,636257
31,0.0170013,0.00325637,0.0565662,2.07189e-06,0.125016,60339,31,0.0141087,0.00195446,0.0605682,1.27393e-06,0.874984,686838
32,0.0164238,0.00286029,0.0576675,1.89441e-06,0.125162,66069,32,0.013709,0.00172077,0.0623867,1.18156e-06,0.874838,740411
33,0.0159219,0.0026953,0.0539304,1.74726e-06,0.12506,71575,33,0.0133493,0.00191748,0.0580422,1.10018e-06,0.87494,795267
34,0.0154019,0.00288554,0.0599848,1.59961e-06,0.124946,78110,34,0.0129854,0.00175762,0.0612521,1.02203e-06,0.875054,856190
35,0.0149437,0.00279053,0.0510917,1.48464e-06,0.125076,84247,35,0.0126521,0.00177517,0.0610253,9.53972e-07,0.874924,917138
36,0.0145157,0.00261154,0.051605,1.37409e-06,0.124891,90890,36,0.0123344,0.00171308,0.059169,8.92027e-07,0.875109,981034
37,0.0140686,0.00260207,0.0526912,1.26598e-06,0.125142,98850,37,0.012036,0.00155044,0.0563963,8.34831e-07,0.874858,1.04795e+06
38,0.0136638,0.00240428,0.0492869,1.16805e-06,0.125111,107111,38,0.0117374,0.00160263,0.0586023,7.80847e-07,0.874889,1.12044e+06
39,0.0132747,0.00234501,0.0498468,1.08038e-06,0.125053,115749,39,0.0114506,0.00157508,0.0582798,7.31058e-07,0.874947,1.19682e+06
40,0.0129054,0.00227592,0.052269,1.00143e-06,0.125029,124851,40,0.0109935,0.00130715,0.0573289,6.67703e-07,0.874971,1.31042e+06
41,0.0125499,0.00215586,0.0480518,9.26074e-07,0.124984,134961,41,0.0106708,0.00136114,0.0549355,6.19409e-07,0.875016,1.41266e+06
42,0.0122068,0.00207065,0.0491402,8.60931e-07,0.125083,145288,42,0.0102609,0.00111066,0.0548122,5.6223e-07,0.874917,1.55616e+06
43,0.0118834,0.00205656,0.0471761,7.95934e-07,0.124864,156877,43,0.00998093,0.00137581,0.0547657,5.24038e-07,0.875136,1.66999e+06
44,0.0115571,0.00202932,0.0472539,7.38067e-07,0.124921,169254,44,0.00971835,0.00120811,0.0547135,4.87999e-07,0.875079,1.7932e+06
45,0.0112574,0.00201262,0.0454907,6.89057e-07,0.125105,181560,45,0.00928217,0.00106945,0.053126,4.37074e-07,0.874895,2.00171e+06
46,0.0109487,0.0018705,0.0422726,6.39115e-07,0.124995,195575,46,0.00903905,0.00123989,0.0526795,4.07457e-07,0.875005,2.14748e+06
47,0.0106416,0.00178653,0.0437931,5.93599e-07,0.125094,210739,47,0.00881945,0.00121571,0.0519015,3.81718e-07,0.874906,2.29202e+06
48,0.0103582,0.00159765,0.0421654,5.53046e-07,0.125059,226127,48,0.00856146,0.00105119,0.0512343,3.52385e-07,0.874941,2.48292e+06
49,0.0101007,0.00163485,0.0416731,5.14905e-07,0.124942,242650,49,0.00835871,0.00117805,0.0499817,3.30583e-07,0.875058,2.64702e+06
50,0.00984603,0.00156829,0.0403758,4.7959e-07,0.12501,260660,50,0.00816031,0.0010582,0.0479663,3.0981e-07,0.87499,2.82428e+06
51,0.00960109,0.00158016,0.0394195,4.48215e-07,0.124998,278879,51,0.0079259,0.000965957,0.0465355,2.8682e-07,0.875002,3.0507e+06
52,0.00936158,0.0014946,0.041098,4.18671e-07,0.124995,298553,52,0.00771282,0.00104953,0.0461897,2.6665e-07,0.875005,3.28147e+06
53,0.00913429,0.00140995,0.0389234,3.91614e-07,0.124973,319123,53,0.00748011,0.00102492,0.0459917,2.46357e-07,0.875027,3.55186e+06
54,0.00891279,0.00137001,0.0391914,3.66272e-07,0.124951,341142,54,0.00718591,0.00084036,0.0456119,2.23704e-07,0.875049,3.91164e+06
55,0.00869781,0.00124508,0.0381803,3.4256e-07,0.124846,364451,55,0.0070209,0.000903822,0.0458919,2.10015e-07,0.875154,4.1671e+06
56,0.00847887,0.00130577,0.0369966,3.19565e-07,0.124945,390984,56,0.00686712,0.000914905,0.0453827,1.97551e-07,0.875055,4.42952e+06
57,0.00827976,0.00124751,0.0355202,2.99822e-07,0.124993,416890,57,0.00669362,0.00092717,0.043661,1.84528e-07,0.875007,4.74187e+06
58,0.00807985,0.00120688,0.0346725,2.80686e-07,0.124956,445180,58,0.00655702,0.000868586,0.0423948,1.74186e-07,0.875044,5.02362e+06
59,0.00787431,0.0011394,0.0350776,2.62438e-07,0.125032,476425,59,0.0064328,0.000849922,0.0420651,1.65083e-07,0.874968,5.30016e+06
